13 20
0 7 : 5 19 3 18 2 7 18 13 10 11 10 12 14
0 6 : 4 1 9 11 20 17 3 15 8 7 19 16 4
1 4 : 9 16 3 7 4 14 17 5 7 10 12 8 13
0 5 : 14 7 14 3 5 19 7 10 6 3 4 10 16
1 6 : 4 10 11 7 9 13 15 8 12 13 11 1 10
2 5 : 17 20 8 10 11 1 5 17 13 10 8 12 16
0 5 : 14 16 1 6 3 1 13 5 12 4 1 19 4
0 4 : 6 14 17 12 18 3 8 12 18 8 17 7 18
1 2 : 7 12 14 4 3 4 6 2 6 3 17 9 14
0 9 : 3 18 8 1 19 2 20 10 5 14 15 19 9
0 4 : 1 17 7 4 14 2 20 12 10 4 14 12 4
0 6 : 16 19 11 18 5 6 3 13 13 8 5 11 8
0 5 : 4 19 5 12 3 6 1 17 11 7 14 16 15
2 4 : 5 1 17 10 3 10 18 6 14 4 1 10 1
3 5 : 2 8 2 14 13 13 20 9 14 1 18 12 19
2 7 : 9 5 10 19 9 13 19 9 8 11 4 1 10
0 4 : 14 5 16 16 8 2 11 14 11 6 7 3 12
0 4 : 3 10 14 17 18 7 12 12 16 14 3 8 7
0 7 : 16 16 16 11 14 4 18 17 1 8 12 10 13
0 6 : 15 9 14 19 6 7 14 11 13 2 17 13 3
0 8 : 5 6 17 8 18 14 19 5 1 10 12 11 1
0 3 : 15 2 15 3 10 12 20 1 20 5 1 3 15
0 7 : 14 10 7 19 9 18 15 16 18 6 11 14 12
0 5 : 5 3 16 14 20 8 11 10 12 11 14 5 14
0 5 : 17 16 8 4 3 5 15 18 9 15 20 1 3
2 7 : 15 9 13 18 14 20 10 20 4 11 8 4 10
1 5 : 11 4 12 18 2 10 10 19 3 4 17 6 2
0 8 : 7 13 3 19 14 6 8 20 1 3 20 7 11
0 6 : 17 15 17 2 20 18 11 14 1 13 12 7 13
2 5 : 9 13 6 17 20 20 3 1 3 18 20 6 14
