16 20
3 4 : 14 4 7 9 9 19 6 3 2 10 19 4 8 17 11 14
0 6 : 10 17 15 17 18 16 12 12 9 4 1 2 12 1 2 8
0 5 : 3 18 14 18 1 7 20 16 16 10 6 18 16 4 4 9
2 7 : 13 20 12 2 2 16 2 3 17 19 11 12 20 8 19 14
2 3 : 20 11 20 2 13 6 18 11 16 17 13 5 18 14 7 6
0 7 : 20 11 16 8 14 10 10 17 1 5 8 6 10 2 8 14
1 8 : 3 8 8 17 7 17 8 11 7 1 20 16 10 13 18 8
1 6 : 10 8 14 13 14 4 2 20 5 12 4 3 9 11 4 16
0 4 : 7 12 11 17 11 14 12 14 14 18 9 17 2 2 18 17
1 5 : 17 9 4 12 7 1 19 9 12 5 19 9 1 13 1 11
1 6 : 10 14 9 10 14 3 8 19 12 20 19 9 9 12 6 20
1 2 : 4 15 9 17 11 5 6 1 17 5 14 7 17 1 2 15
0 8 : 13 4 20 9 3 1 9 15 8 2 10 15 5 19 5 9
1 6 : 7 11 6 17 13 16 18 19 14 2 9 17 15 13 3 10
4 3 : 15 17 10 7 10 9 9 8 2 8 4 2 10 3 16 2
0 7 : 6 5 11 12 20 18 8 18 13 7 6 10 18 18 1 7
1 5 : 15 17 3 17 20 3 12 9 1 8 19 16 15 17 4 18
0 7 : 12 18 19 12 1 10 9 20 17 15 14 11 2 19 12 18
3 6 : 8 18 8 12 9 13 7 8 18 12 13 8 10 12 6 3
1 5 : 17 13 20 14 3 5 18 9 7 3 3 12 6 4 19 15
1 3 : 15 18 11 6 11 15 13 12 12 11 13 5 5 16 20 14
0 5 : 17 5 12 7 3 8 17 14 7 4 11 12 7 11 9 1
1 5 : 17 16 10 4 5 1 18 5 11 19 14 16 7 10 2 20
0 5 : 3 20 18 1 20 20 20 18 3 3 8 20 18 4 11 10
0 5 : 15 9 8 3 6 14 12 5 5 17 10 14 13 16 4 6
1 6 : 1 13 11 10 2 9 18 18 10 3 3 12 3 5 3 13
0 8 : 15 10 1 2 18 8 13 11 8 11 10 8 18 2 6 6
1 6 : 16 9 19 15 4 8 5 7 5 8 15 15 1 6 3 10
1 5 : 14 16 10 8 4 6 5 6 18 4 3 2 12 2 12 17
0 7 : 16 20 11 17 7 2 5 8 20 2 3 11 6 14 1 18
