12 20
0 6 : 15 13 13 12 20 15 19 5 9 6 11 20
1 4 : 1 10 13 6 7 11 20 17 4 12 17 15
3 3 : 18 6 12 15 4 20 20 9 2 14 17 4
0 6 : 17 20 20 9 20 3 19 2 9 18 15 14
0 5 : 12 4 6 3 4 12 9 6 14 4 9 1
1 4 : 3 9 12 1 9 12 14 10 13 12 8 16
0 4 : 12 17 14 8 7 12 10 4 17 10 9 5
1 2 : 18 11 5 6 5 5 20 10 5 7 5 8
1 2 : 1 5 18 1 15 20 7 8 4 2 2 1
1 3 : 11 15 19 5 14 14 9 3 16 3 8 7
2 2 : 7 14 18 19 4 2 3 7 20 19 2 9
2 5 : 7 19 7 15 6 8 9 5 16 11 6 12
2 2 : 19 13 8 6 11 20 3 20 7 18 2 1
1 3 : 6 2 7 1 17 12 14 18 7 19 6 10
3 2 : 11 15 2 20 7 4 6 8 7 14 14 19
0 4 : 12 3 16 17 13 17 7 8 16 7 3 19
0 3 : 3 10 10 9 4 12 1 15 5 11 11 11
2 1 : 3 4 17 20 13 20 8 14 15 3 1 14
1 2 : 18 5 17 20 16 11 17 3 12 14 10 10
0 1 : 18 1 8 11 8 15 14 17 1 14 17 14
0 3 : 20 17 16 14 11 2 6 14 10 8 18 18
1 4 : 3 15 13 6 20 12 3 17 12 18 5 17
0 2 : 6 10 14 9 8 5 14 18 5 6 10 18
1 4 : 11 14 5 2 15 12 8 20 6 4 4 9
0 6 : 3 20 16 16 15 5 12 20 13 5 15 12
0 5 : 18 13 9 4 15 18 11 16 8 5 6 7
0 1 : 18 17 13 5 4 14 15 13 11 11 17 10
1 1 : 9 13 1 3 17 2 11 19 3 9 4 10
1 2 : 5 14 9 3 8 18 9 5 18 2 16 19
0 2 : 17 11 18 10 2 12 11 13 14 19 11 12
