15 28
2 3 : 4 7 26 11 17 13 5 27 22 9 16 19 21 8 26
1 5 : 4 15 25 7 8 17 9 3 24 16 28 3 1 11 23
0 7 : 13 6 21 14 25 16 6 15 17 4 26 20 3 3 3
0 3 : 7 6 14 17 19 15 17 2 27 12 17 17 6 15 18
0 5 : 3 23 16 3 5 28 14 20 3 18 9 21 8 27 17
1 2 : 16 6 23 28 17 5 1 28 6 2 5 25 27 3 25
0 5 : 14 4 10 3 15 24 17 26 27 2 15 23 2 27 6
0 3 : 1 9 16 5 22 28 12 15 14 5 11 10 13 5 12
0 6 : 14 7 5 6 26 26 24 22 3 12 25 22 17 21 17
1 4 : 24 26 27 4 17 2 1 26 2 28 28 17 5 25 16
0 6 : 10 17 20 12 15 26 20 1 6 5 28 1 17 27 5
1 4 : 1 13 7 12 20 11 27 7 5 21 13 15 8 22 21
0 3 : 25 21 2 28 2 18 18 10 25 2 20 14 4 10 14
0 3 : 4 2 14 25 20 19 21 14 7 7 27 10 18 8 22
0 3 : 20 28 10 11 11 8 25 2 17 3 10 5 3 16 25
1 5 : 26 17 6 11 1 23 1 25 9 8 4 22 22 20 11
0 4 : 8 27 19 24 22 14 14 5 15 13 10 21 5 14 3
0 5 : 24 14 19 25 13 7 3 3 20 18 1 26 10 11 12
0 2 : 26 3 3 18 27 3 26 6 10 12 23 1 5 14 16
1 2 : 1 5 25 26 3 15 25 19 22 16 18 5 2 25 12
1 7 : 5 24 8 25 20 17 13 21 26 13 12 13 14 23 22
0 4 : 6 24 19 12 27 19 19 14 23 3 20 28 20 6 16
0 7 : 13 24 26 23 6 5 1 17 25 2 25 28 8 22 17
0 4 : 3 23 18 4 28 24 28 27 15 11 19 25 7 3 6
2 3 : 26 13 26 22 3 2 13 24 16 16 15 11 4 28 25
0 6 : 25 13 21 23 13 16 20 27 15 7 19 19 22 11 25
1 2 : 22 20 14 8 10 3 4 4 2 22 9 7 25 2 2
1 5 : 27 22 25 23 25 27 25 21 15 26 26 11 2 12 9
