16 25
0 11 : 1 20 23 18 17 11 5 22 8 21 24 14 4 7 16 6
0 10 : 2 20 11 18 8 12 23 14 7 9 6 24 3 25 19 5
0 11 : 18 11 4 5 1 13 9 22 14 7 19 2 24 10 21 6
1 10 : 2 5 12 18 16 4 1 22 8 23 20 21 7 3 24 11
1 9 : 15 20 14 5 19 10 16 12 18 21 11 9 6 23 22 3
0 8 : 18 6 20 19 15 7 17 8 13 10 2 16 9 24 4 12
0 13 : 15 23 8 10 12 11 1 2 22 9 25 13 18 5 4 16
0 10 : 4 24 18 16 7 15 22 21 3 10 12 14 23 17 2 13
0 10 : 15 2 18 4 24 22 10 13 1 6 11 7 5 9 3 20
0 10 : 25 20 1 10 9 3 8 17 15 6 13 16 7 18 24 11
0 10 : 8 12 14 7 5 4 10 11 9 20 25 22 1 3 24 18
0 10 : 24 1 23 17 22 3 9 20 7 8 13 19 2 5 6 18
0 8 : 9 21 4 20 12 19 23 7 6 25 18 3 10 15 22 11
0 10 : 17 15 20 2 7 13 11 18 6 9 23 16 24 4 5 12
0 10 : 3 20 19 18 23 6 11 13 21 12 9 22 5 15 24 7
0 9 : 12 18 1 7 10 4 20 3 11 22 21 14 17 8 5 25
1 10 : 7 9 10 1 6 8 2 18 22 23 12 15 11 4 25 13
0 10 : 23 16 1 5 12 4 7 6 3 11 18 24 2 8 19 15
1 10 : 22 2 23 13 14 15 10 6 3 25 5 8 12 7 1 21
0 8 : 23 10 8 1 20 21 22 5 19 15 7 24 17 4 3 12
0 10 : 3 12 6 11 13 20 9 5 4 8 22 25 2 19 1 21
0 11 : 14 2 7 5 17 18 20 16 6 25 21 12 9 1 13 11
0 9 : 11 20 22 5 15 23 19 18 1 10 3 17 16 9 12 4
1 7 : 19 10 7 25 12 15 4 3 22 20 8 6 11 18 21 5
1 8 : 14 5 7 19 23 1 20 10 17 9 25 16 3 18 12 21
0 9 : 13 24 5 18 19 12 7 3 25 9 1 4 8 20 23 10
1 10 : 19 16 23 17 18 25 3 11 14 24 2 5 9 15 7 4
1 8 : 20 9 10 15 24 19 3 17 12 5 14 13 22 4 23 8
0 10 : 16 9 11 4 8 18 1 5 6 23 10 20 12 13 25 17
0 13 : 20 14 5 22 12 24 16 21 11 13 18 8 23 6 1 25
