20 40
2 5 : 30 4 18 24 35 9 6 1 21 16 23 40 20 32 34 36 17 38 15 37
0 11 : 18 34 3 25 13 39 5 2 19 30 33 16 26 1 20 37 17 9 23 24
0 10 : 13 9 29 34 38 30 11 5 25 40 36 7 22 23 32 15 20 28 24 19
0 10 : 23 8 38 36 32 3 26 37 15 29 20 1 6 33 21 14 16 39 24 40
2 6 : 18 29 35 22 16 34 32 11 15 37 3 17 8 21 26 12 6 36 14 13
2 6 : 26 6 36 31 28 23 39 20 16 7 40 38 4 5 2 19 33 17 15 37
0 7 : 19 34 14 8 40 10 25 5 20 4 30 36 32 18 22 29 6 11 13 17
1 10 : 35 30 22 8 39 21 18 5 25 7 38 17 10 20 32 16 33 3 29 24
1 10 : 40 29 24 23 11 27 38 4 34 21 25 1 30 16 9 26 18 6 3 20
0 10 : 7 3 20 29 9 18 28 10 23 2 32 5 8 40 22 4 13 27 35 17
3 9 : 3 27 28 38 9 7 15 11 21 19 10 20 40 35 22 36 34 17 26 23
0 7 : 33 2 5 24 28 39 15 4 17 38 16 8 9 3 30 13 35 7 6 36
0 9 : 3 37 36 20 13 4 40 11 1 28 38 10 30 18 5 12 2 21 22 7
0 10 : 31 32 13 36 20 22 33 21 27 3 10 23 28 14 37 6 17 7 16 38
0 10 : 40 10 18 39 8 25 29 37 24 27 32 3 13 34 7 33 35 16 14 17
0 11 : 8 30 16 32 17 4 23 22 14 20 10 12 3 7 36 18 19 38 33 27
0 11 : 8 31 19 15 26 25 32 2 34 30 14 4 1 37 10 20 3 17 27 33
0 8 : 26 31 3 4 10 9 14 40 22 16 6 35 17 5 38 18 37 13 39 25
1 9 : 11 20 4 3 35 7 30 21 14 6 34 24 18 23 2 29 22 16 33 39
0 12 : 19 32 12 25 37 14 6 3 7 2 1 8 36 34 22 35 13 28 27 26
0 11 : 40 31 17 3 6 8 27 23 36 33 22 2 15 34 10 39 32 26 35 4
0 10 : 4 23 39 35 37 27 36 25 7 17 32 13 1 12 22 40 18 6 15 29
0 11 : 4 34 29 8 25 36 16 7 32 23 26 15 11 39 24 27 3 28 9 13
1 6 : 29 8 6 15 21 4 17 35 22 24 10 38 11 28 36 27 30 31 37 34
0 11 : 4 10 11 14 27 19 29 22 35 30 7 8 28 33 13 9 3 34 39 40
0 8 : 5 35 38 9 33 37 10 31 29 30 18 8 36 39 34 40 13 28 24 3
1 9 : 22 17 33 21 7 16 18 6 20 38 9 12 24 8 35 13 11 19 26 39
0 10 : 8 37 19 20 6 26 16 2 4 24 12 32 22 27 30 35 36 34 1 38
0 7 : 15 6 40 19 10 37 33 22 39 24 13 35 28 1 30 11 14 16 25 4
0 10 : 14 34 18 9 22 5 27 11 16 38 10 33 1 8 24 30 21 6 39 4
0 10 : 24 12 15 2 32 18 7 3 4 23 25 13 37 6 14 19 40 8 38 1
0 8 : 13 9 3 18 14 28 30 38 6 24 16 15 34 39 31 19 10 22 17 37
2 8 : 31 1 24 22 6 2 30 33 3 34 19 16 27 17 36 5 4 9 37 25
0 9 : 15 37 8 24 35 38 20 36 39 2 33 18 13 27 23 11 10 12 29 31
3 7 : 25 19 24 14 30 7 4 37 15 12 33 40 10 38 36 1 32 11 6 3
1 8 : 12 30 6 4 18 24 17 3 23 38 11 14 28 7 5 9 33 13 10 22
1 11 : 14 26 25 30 13 2 9 37 19 39 31 34 24 23 38 7 1 36 33 4
1 8 : 16 18 3 25 13 14 35 31 9 36 19 39 22 28 4 24 33 34 38 15
0 11 : 20 27 1 37 30 34 25 38 2 33 9 3 15 14 26 36 32 17 11 13
1 8 : 1 18 32 35 25 33 5 23 30 40 19 38 3 22 6 16 28 24 8 15
1 7 : 14 27 10 26 21 17 2 39 36 6 25 18 9 11 13 31 5 37 16 24
0 11 : 23 24 12 30 38 31 25 22 33 10 2 29 18 6 13 26 14 39 8 17
0 10 : 2 21 18 17 23 34 39 4 16 10 7 27 15 20 31 30 1 6 33 28
1 8 : 17 2 31 12 35 9 23 18 4 14 5 39 29 37 6 1 16 33 25 28
1 9 : 27 4 24 28 2 36 22 1 23 39 32 18 35 20 33 17 5 25 10 30
1 8 : 25 6 30 12 27 3 28 2 31 19 40 29 36 18 16 13 4 14 23 33
1 9 : 7 17 5 8 10 4 29 6 23 39 18 31 21 2 19 30 40 34 20 26
1 8 : 9 14 11 8 24 37 29 12 20 18 25 13 27 35 2 31 38 34 23 30
0 11 : 1 22 17 10 23 3 18 9 29 13 36 33 16 7 39 11 40 37 19 8
1 10 : 35 29 30 7 15 3 22 28 1 4 32 18 34 17 33 25 36 38 20 26
1 9 : 33 35 10 12 5 13 23 16 7 25 30 9 17 3 40 11 6 22 14 19
0 13 : 22 32 7 10 13 1 20 34 8 2 18 5 29 27 33 14 19 25 23 30
0 12 : 38 19 32 39 35 11 7 33 14 27 13 3 2 5 29 18 34 28 22 16
1 9 : 24 32 5 28 11 7 38 1 22 19 9 17 10 15 13 18 27 20 3 6
1 7 : 16 9 24 4 8 27 13 37 5 6 34 31 28 33 20 29 23 2 10 30
0 6 : 4 28 14 24 3 5 16 11 22 15 32 18 33 13 40 38 37 36 35 23
1 10 : 3 33 35 2 12 7 27 34 39 18 22 28 31 8 37 16 36 20 38 1
0 9 : 27 21 29 35 7 11 28 33 17 18 20 30 39 14 6 2 1 13 37 9
1 8 : 18 8 10 15 16 17 29 35 9 12 13 25 23 22 38 26 37 36 31 14
0 9 : 4 11 35 26 18 13 6 5 32 33 10 21 34 36 2 37 39 25 30 15
