9 12
1 1 : 12 12 11 10 11 5 11 3 9
1 1 : 1 4 2 1 5 8 3 4 7
2 0 : 5 8 10 10 5 10 10 6 7
0 4 : 6 7 4 8 3 10 2 1 9
0 1 : 6 4 6 4 5 12 3 5 4
0 2 : 4 5 1 3 11 7 10 7 9
1 3 : 5 12 8 2 4 3 11 4 2
0 4 : 9 10 9 2 6 7 1 9 12
1 5 : 8 9 8 6 8 8 1 10 2
1 3 : 1 7 11 5 6 10 2 5 8
2 2 : 7 5 3 9 5 2 11 2 11
0 0 : 5 12 10 5 12 12 1 1 4
0 3 : 10 12 8 10 12 8 2 10 3
0 0 : 1 4 10 7 3 7 10 3 1
2 4 : 11 4 7 9 8 8 2 5 6
0 3 : 5 5 10 12 11 6 12 1 2
0 6 : 1 1 9 8 11 2 2 5 6
1 4 : 6 12 5 4 2 9 4 8 2
0 3 : 10 4 12 6 12 8 8 10 7
3 1 : 4 8 11 12 8 9 10 11 1
