11 20
0 3 : 17 18 3 12 1 14 13 16 11 7 11
0 4 : 7 16 1 6 9 5 13 12 5 10 3
0 3 : 9 16 10 16 13 7 19 10 7 16 9
0 3 : 11 18 11 19 8 11 9 11 1 13 12
0 2 : 6 13 11 9 9 16 19 19 6 7 5
0 4 : 19 20 11 4 2 17 10 7 3 12 6
2 4 : 3 15 6 16 15 17 16 1 18 13 9
0 5 : 14 5 1 9 6 18 16 17 19 8 5
1 3 : 12 17 10 2 5 5 8 9 4 4 6
0 5 : 8 13 2 14 1 3 12 19 6 16 20
1 3 : 4 3 4 20 16 2 10 4 9 20 13
1 0 : 13 19 6 6 17 16 4 12 12 17 11
2 1 : 13 20 2 5 10 20 8 1 7 20 11
0 2 : 2 4 16 19 3 5 19 14 2 17 1
1 3 : 12 4 4 5 10 3 8 7 2 6 19
0 3 : 3 6 16 5 19 2 13 15 17 16 4
0 3 : 2 18 16 7 1 10 11 19 5 9 18
0 3 : 16 9 7 8 1 16 13 18 1 7 11
1 0 : 9 19 9 7 7 9 2 19 16 16 1
0 2 : 13 16 16 13 5 15 15 17 19 1 16
1 5 : 10 20 20 8 1 3 10 1 3 20 15
0 5 : 19 5 10 17 8 16 12 15 14 15 1
1 3 : 11 2 12 3 12 12 19 9 6 1 10
0 2 : 11 9 11 9 4 4 1 18 7 1 18
