13 30
0 2 : 1 21 16 8 7 25 25 29 23 25 29 27 12
1 1 : 17 25 6 23 11 3 25 27 25 3 23 22 4
1 4 : 24 22 26 11 4 7 18 6 30 4 25 9 6
0 3 : 2 1 18 8 27 27 1 10 27 25 5 17 28
0 1 : 20 19 27 28 16 1 19 26 26 8 16 19 24
1 2 : 4 5 29 26 27 9 11 10 22 19 27 21 3
0 3 : 19 15 12 26 18 26 3 29 17 9 28 19 24
2 4 : 5 5 16 2 12 28 21 15 3 22 22 4 9
0 4 : 22 23 14 21 26 29 4 19 9 19 9 3 6
0 3 : 14 29 10 10 26 12 3 18 16 18 29 16 9
0 1 : 30 30 10 19 30 28 27 11 3 1 5 11 15
0 1 : 20 11 16 8 27 7 17 12 12 11 25 13 15
1 3 : 27 11 19 7 29 6 29 24 20 30 5 23 2
1 1 : 21 28 29 9 24 17 3 17 16 30 21 7 3
0 5 : 10 6 20 3 29 27 24 6 5 22 9 4 11
0 5 : 11 13 16 2 8 5 24 14 14 13 3 11 20
0 3 : 21 13 18 23 9 17 14 23 23 29 18 29 9
0 4 : 22 25 13 27 12 21 8 9 27 27 22 7 28
0 2 : 9 20 16 4 19 13 7 19 17 7 6 10 5
0 3 : 25 9 23 25 5 10 29 29 21 17 8 2 19
1 3 : 20 18 21 1 15 14 8 13 19 21 30 6 8
0 3 : 30 5 29 13 12 25 14 29 13 10 28 10 12
0 0 : 9 17 11 9 9 26 26 16 23 19 4 25 30
1 4 : 4 5 19 22 21 10 10 13 1 16 2 22 26
0 3 : 6 27 4 10 29 2 19 10 2 5 5 29 5
0 3 : 30 12 19 20 19 9 6 28 10 30 17 16 6
0 1 : 17 26 27 2 2 9 19 1 7 30 1 19 28
0 4 : 23 26 24 18 4 30 17 25 14 23 30 22 19
0 4 : 2 4 1 25 18 23 23 5 29 15 21 17 2
1 1 : 28 17 23 9 19 3 21 3 13 28 5 13 5
0 4 : 23 4 18 7 30 12 9 9 19 21 22 26 4
0 4 : 3 5 5 30 2 17 9 17 26 27 14 21 20
1 1 : 24 30 26 14 10 13 17 16 11 17 17 27 10
0 4 : 1 15 29 20 29 28 27 6 10 21 23 22 14
0 2 : 27 4 14 17 13 20 24 15 7 15 7 25 13
0 5 : 13 15 18 12 29 20 4 6 14 12 5 7 4
0 1 : 10 30 10 25 4 8 29 14 17 7 10 19 19
1 2 : 22 12 26 8 13 13 28 25 17 7 23 20 18
0 3 : 20 19 10 6 10 23 8 5 29 9 21 13 26
