14 30
0 5 : 25 22 1 19 22 22 19 6 7 4 12 30 5 22
1 3 : 14 24 17 1 16 17 1 11 9 8 24 17 20 7
0 4 : 9 17 21 11 27 27 27 29 15 24 24 22 21 8
0 6 : 22 17 23 13 27 29 14 25 20 7 26 16 2 26
0 4 : 16 25 11 9 19 22 23 30 18 27 25 14 22 20
0 6 : 16 15 23 7 15 21 21 12 15 10 1 13 30 20
1 6 : 30 9 16 14 1 25 15 29 7 29 16 10 2 30
1 3 : 5 18 3 30 16 11 7 30 9 8 28 30 13 16
1 6 : 25 7 6 26 7 25 28 12 3 23 21 3 9 23
0 4 : 6 24 2 29 7 21 6 24 20 21 3 11 30 3
0 4 : 28 4 22 28 7 21 9 27 4 18 26 11 18 20
0 5 : 28 1 18 24 14 19 26 25 11 9 25 4 26 23
0 2 : 12 19 12 8 4 29 24 17 22 8 24 22 20 16
1 5 : 8 2 3 3 18 5 15 18 28 12 10 15 27 3
0 4 : 13 30 12 1 25 17 17 22 11 21 27 1 5 22
0 9 : 9 3 2 21 6 28 23 15 15 21 13 7 29 18
0 7 : 20 25 21 17 19 28 30 2 4 15 26 30 10 6
0 3 : 19 18 23 19 12 25 18 24 4 14 19 3 20 16
0 5 : 3 30 21 12 15 11 7 5 26 27 30 28 24 6
1 5 : 18 4 30 4 11 20 15 22 23 23 25 18 15 17
1 7 : 9 26 3 29 23 7 6 15 22 1 7 27 6 21
3 6 : 9 7 8 7 23 14 17 3 23 28 15 29 10 6
0 5 : 9 16 19 3 7 5 28 24 29 5 13 10 18 27
1 6 : 22 16 2 25 15 10 16 3 5 27 14 5 29 7
1 4 : 16 18 28 7 14 21 19 19 26 2 20 17 15 17
1 6 : 6 17 10 1 24 6 25 18 1 17 11 3 15 21
0 4 : 4 8 19 10 15 24 12 5 10 14 28 3 8 13
0 4 : 13 24 26 23 9 16 12 24 11 19 1 6 30 24
1 4 : 1 17 19 26 6 30 28 13 6 29 4 5 14 15
0 5 : 8 5 14 24 28 23 3 30 24 13 17 26 11 6
0 4 : 22 8 15 17 11 21 3 17 22 16 4 14 18 14
0 2 : 20 24 26 26 16 2 26 24 4 29 29 18 3 14
0 3 : 14 12 11 20 9 19 16 16 15 29 26 4 30 22
0 5 : 21 22 29 4 2 26 4 5 29 27 17 18 7 9
0 6 : 21 5 11 3 19 22 22 20 25 10 7 6 18 29
0 3 : 13 15 20 14 26 2 5 28 13 26 14 19 14 30
0 9 : 19 10 1 15 3 15 18 6 16 23 24 7 17 5
0 4 : 21 30 29 12 6 13 25 12 1 21 10 20 8 4
0 4 : 4 24 30 1 2 2 11 7 13 24 14 19 6 29
1 6 : 6 8 20 22 21 28 12 9 7 23 14 19 13 10
0 5 : 29 19 8 2 11 11 26 26 22 10 25 27 14 28
0 4 : 7 10 27 11 2 19 28 10 2 29 30 28 7 21
