25 40
0 17 : 8 12 10 31 14 25 39 30 37 11 19 16 13 23 33 3 9 38 36 15 1 35 18 7 28
1 15 : 31 38 17 11 22 20 9 12 34 37 1 3 19 7 8 27 24 4 6 15 2 40 10 36 21
1 12 : 37 19 14 17 18 22 4 8 32 40 21 24 11 5 34 28 31 35 25 6 23 29 39 36 20
0 15 : 37 9 1 3 12 14 34 19 36 15 4 33 35 30 32 38 22 31 28 29 7 20 26 10 25
0 13 : 6 28 9 7 21 19 14 29 11 36 35 25 31 40 22 34 17 4 38 1 13 18 37 33 20
2 14 : 28 10 34 38 20 4 30 22 11 8 16 23 37 27 35 12 40 17 1 7 6 9 33 24 2
2 12 : 40 12 22 32 18 28 26 37 31 3 19 34 11 2 38 10 27 36 7 35 30 25 29 16 39
0 16 : 8 33 19 14 31 29 21 32 26 12 18 15 10 9 11 20 6 34 40 23 24 3 22 4 5
2 15 : 20 8 29 9 21 33 16 31 19 11 12 35 28 22 34 4 17 24 30 1 3 14 5 23 10
1 12 : 9 4 21 11 29 1 18 35 25 14 5 16 27 31 17 19 23 7 3 40 6 32 30 38 13
1 16 : 11 14 12 8 25 4 17 27 10 19 36 40 6 22 39 24 13 16 3 30 5 7 37 20 34
1 15 : 12 35 15 9 36 8 16 40 18 14 33 20 11 25 22 39 38 30 23 37 6 28 34 27 19
1 15 : 9 3 39 24 23 13 8 11 21 33 7 35 38 15 31 25 17 40 12 34 6 16 28 10 5
0 14 : 5 29 31 23 19 35 26 25 24 14 34 11 20 17 27 21 32 1 33 22 15 3 4 7 37
0 17 : 3 39 4 11 24 27 17 22 13 33 8 35 40 18 6 15 1 37 5 26 23 12 16 29 34
0 15 : 28 37 14 25 12 22 21 18 1 19 32 23 11 24 13 40 7 16 33 36 35 15 6 5 9
0 16 : 12 40 30 36 4 25 10 3 21 8 19 31 28 35 33 23 14 38 17 15 29 11 22 1 18
1 18 : 20 24 21 5 8 12 39 30 10 28 13 37 33 1 9 16 19 40 2 15 29 25 26 22 31
0 12 : 29 31 18 7 28 26 39 30 21 16 2 34 37 5 14 23 3 20 4 40 35 13 27 17 12
1 13 : 23 38 9 29 36 14 28 10 35 7 6 27 13 32 20 12 31 30 4 19 15 21 5 1 39
0 15 : 11 38 8 29 1 6 17 28 15 40 12 9 7 33 21 3 19 14 4 36 27 5 24 18 23
1 12 : 26 20 13 34 15 3 5 30 6 4 27 2 29 11 22 1 37 40 14 31 38 35 28 39 7
0 14 : 12 26 3 23 5 4 6 39 17 19 40 33 37 21 16 32 35 13 34 28 8 22 38 27 30
1 17 : 6 4 1 8 31 17 25 30 15 36 3 39 28 23 33 29 11 26 32 24 40 22 21 16 7
2 14 : 24 10 33 12 34 8 27 28 31 11 36 6 13 7 16 37 20 18 9 23 38 5 3 29 19
0 17 : 13 25 27 15 9 26 32 11 5 34 10 14 22 6 23 39 30 8 33 2 17 20 40 28 37
1 13 : 40 13 8 31 5 23 38 35 4 2 14 10 39 24 26 33 18 1 7 3 28 29 37 30 22
0 14 : 31 4 35 6 34 19 3 5 33 23 21 9 38 27 18 2 32 10 12 28 8 36 13 24 39
0 16 : 35 30 23 39 3 7 37 25 26 1 24 11 9 27 22 5 31 4 15 34 2 18 20 8 10
0 16 : 14 2 13 21 19 34 28 35 27 5 23 33 20 8 39 22 11 31 3 26 9 16 38 24 6
2 14 : 19 10 9 12 21 16 3 27 39 28 17 14 8 29 38 35 5 24 11 15 30 40 6 34 22
0 13 : 5 13 38 18 23 6 33 19 4 36 11 40 27 21 3 32 7 25 17 35 29 39 15 14 37
0 17 : 32 25 36 17 5 39 8 12 3 19 21 13 4 24 29 23 7 11 34 20 22 14 30 31 2
1 12 : 9 3 19 38 26 20 34 23 18 33 40 4 14 35 37 2 36 22 7 12 24 32 5 39 21
0 17 : 37 32 8 1 25 34 20 28 29 24 27 10 4 17 30 7 9 6 12 35 26 22 13 19 36
1 16 : 34 35 23 18 24 12 4 40 33 15 30 26 14 1 13 38 16 8 6 9 10 19 17 7 39
1 16 : 29 3 31 32 19 26 4 11 35 16 2 8 38 1 34 13 6 17 36 30 37 33 10 12 18
0 15 : 27 37 21 17 22 10 18 24 23 1 15 33 39 32 13 12 7 28 3 29 14 30 4 40 9
1 15 : 21 34 19 1 8 3 20 4 26 10 35 18 39 36 2 14 13 16 29 28 40 25 11 27 23
1 12 : 31 32 7 14 40 17 22 18 38 26 36 1 13 35 28 34 23 21 9 19 27 2 3 12 29
0 15 : 9 7 12 3 35 33 37 11 30 39 29 32 28 5 24 23 4 17 31 1 26 18 38 25 19
1 15 : 10 8 37 21 14 32 7 29 20 23 34 36 4 27 11 13 24 15 12 18 9 39 3 6 19
1 14 : 28 2 1 30 27 23 38 20 39 7 4 14 3 25 9 17 13 22 36 15 5 11 35 31 34
0 16 : 20 8 38 6 23 11 25 36 34 3 32 17 10 35 15 12 21 2 22 39 31 27 24 37 28
0 14 : 39 28 38 13 40 16 31 30 17 1 7 5 32 21 3 14 19 10 33 15 23 9 37 35 36
1 16 : 6 13 30 34 19 3 32 36 16 9 39 5 37 7 12 15 35 29 1 14 40 33 20 25 11
0 13 : 6 39 23 38 40 29 3 37 33 4 30 1 12 18 34 32 36 31 35 7 10 22 28 26 21
0 15 : 30 40 4 38 8 31 2 34 39 14 5 21 25 15 36 19 20 37 9 11 10 29 27 1 24
0 16 : 18 36 4 25 6 22 32 7 37 2 26 11 14 10 17 38 23 3 9 31 19 33 5 15 1
0 15 : 9 19 37 10 30 34 40 35 29 3 2 4 31 28 22 11 38 27 39 15 33 26 21 12 1
2 16 : 21 2 24 14 18 36 27 33 30 20 11 26 23 6 12 9 13 28 22 25 17 38 10 8 40
0 14 : 12 34 22 10 38 26 25 28 40 14 31 29 21 15 17 37 6 24 32 19 5 13 18 2 16
1 16 : 18 23 40 9 17 10 2 19 32 39 38 16 37 12 1 22 4 36 7 13 21 29 8 24 25
0 15 : 16 13 7 38 23 14 33 30 27 26 17 6 32 12 8 28 25 21 19 4 35 18 15 2 9
0 17 : 4 5 25 24 29 15 2 11 1 37 7 36 35 3 26 16 17 12 40 20 19 6 14 39 27
0 16 : 12 3 9 20 24 21 19 13 35 30 26 38 37 17 8 39 33 11 31 10 28 34 14 15 32
0 17 : 1 13 31 34 28 37 18 15 6 12 27 33 22 25 4 10 40 11 23 17 19 20 16 9 26
0 16 : 8 25 3 27 19 9 16 29 35 36 15 4 37 23 13 18 28 24 7 34 39 26 6 21 17
1 13 : 7 25 38 21 14 19 17 8 32 34 26 28 33 13 39 10 30 5 11 31 36 15 24 27 4
0 15 : 16 6 8 24 37 5 21 26 32 36 25 30 20 31 11 12 40 29 27 10 14 35 17 9 18
1 12 : 28 16 20 7 14 9 2 8 6 24 29 22 31 27 34 4 40 21 38 5 10 1 23 39 18
0 15 : 22 3 12 11 23 15 9 39 1 5 30 38 10 4 21 31 37 29 40 32 36 33 19 28 27
1 16 : 32 27 13 19 34 35 12 37 33 26 2 15 24 17 5 18 6 36 1 7 11 25 8 23 20
0 16 : 17 13 36 7 2 1 30 24 6 34 9 19 21 27 18 33 28 37 5 31 3 10 12 29 20
2 13 : 14 38 16 15 21 11 7 20 35 22 40 34 18 26 2 10 30 36 5 12 1 37 17 29 24
0 15 : 35 38 24 8 7 30 4 31 25 37 9 33 18 11 3 10 29 19 32 13 27 2 12 17 40
1 16 : 28 5 36 32 25 4 33 8 2 19 35 1 22 16 26 6 29 14 39 18 17 9 15 40 20
0 18 : 10 4 23 6 13 12 26 34 32 16 25 5 21 17 35 20 2 9 27 24 8 33 29 39 3
0 18 : 27 19 36 7 16 1 31 22 33 13 15 40 3 6 39 10 2 25 21 24 18 26 8 34 9
0 13 : 35 28 33 39 14 32 10 6 15 34 3 11 21 20 18 26 4 31 2 37 30 27 22 5 1
1 17 : 33 12 1 3 8 39 10 21 31 20 38 6 22 26 25 32 19 29 36 14 4 40 30 9 17
0 16 : 6 1 22 2 23 15 33 38 5 17 26 27 28 14 10 34 11 8 12 35 20 19 13 21 7
1 14 : 32 18 26 28 2 4 29 3 5 15 11 17 37 6 33 13 12 35 31 39 22 20 16 21 14
0 17 : 17 13 12 8 15 38 1 40 9 20 23 35 14 31 33 10 18 2 16 32 3 25 26 28 39
1 15 : 9 34 26 37 7 10 35 4 16 30 31 14 33 3 8 25 13 18 11 38 2 19 17 24 23
