20 30
0 14 : 9 28 29 22 14 30 19 20 2 18 6 25 8 17 16 12 23 5 26 3
0 13 : 10 12 26 22 6 29 23 4 20 18 28 8 21 9 25 14 16 17 3 11
3 10 : 14 21 4 25 5 18 30 11 3 26 22 2 1 16 29 28 7 8 12 10
1 12 : 17 27 24 15 12 29 20 28 7 25 6 5 21 18 2 23 22 8 14 11
0 15 : 16 15 17 13 22 19 23 2 30 1 21 3 27 6 9 12 10 26 29 8
2 12 : 29 19 26 23 25 15 27 22 6 7 28 30 8 21 18 11 20 17 24 16
1 12 : 18 27 12 1 25 30 2 28 3 29 22 24 5 26 4 8 15 13 21 11
0 15 : 12 16 8 10 24 20 23 26 5 7 28 19 22 6 2 30 3 25 18 9
1 12 : 12 28 4 19 9 14 2 24 11 6 5 15 26 22 23 16 25 8 13 17
1 10 : 14 3 26 23 16 25 24 27 30 13 20 15 10 7 6 12 9 21 28 4
1 13 : 26 8 25 14 1 12 6 29 19 15 5 18 27 9 23 11 13 30 21 20
0 13 : 11 21 24 20 22 25 27 15 3 4 29 9 17 19 30 26 14 6 10 2
0 12 : 10 30 24 7 29 11 14 1 16 20 15 18 28 3 26 25 23 4 19 22
0 15 : 12 20 11 24 4 29 5 10 30 27 7 18 8 9 15 6 22 17 21 26
0 11 : 30 18 22 2 13 25 24 3 10 6 4 7 17 1 19 14 20 28 29 27
0 14 : 3 22 24 20 17 4 1 8 23 10 14 27 25 18 7 28 16 26 11 2
1 11 : 2 23 11 7 18 9 6 26 19 5 28 24 25 15 3 13 14 1 10 21
1 13 : 29 15 16 28 12 20 18 7 1 8 21 2 27 10 19 5 4 3 30 9
1 12 : 15 6 10 3 26 23 28 24 1 20 9 2 18 22 7 4 5 17 14 8
1 11 : 21 5 11 20 8 7 27 29 28 26 9 25 23 15 13 2 10 22 14 6
1 15 : 6 8 3 21 10 26 12 2 5 27 1 18 20 15 24 17 28 22 23 30
0 11 : 22 28 7 19 9 10 13 25 30 18 4 24 2 12 15 27 6 20 29 3
2 12 : 27 6 24 20 28 10 23 22 12 26 15 18 21 25 8 19 11 7 13 5
3 11 : 6 27 16 18 23 29 3 24 2 1 11 14 12 26 10 28 22 8 21 7
0 14 : 15 30 1 16 18 9 20 13 12 4 8 23 22 10 19 14 6 25 11 2
0 14 : 30 11 5 6 12 18 27 25 4 2 13 22 24 20 17 3 16 26 28 19
0 13 : 17 25 24 8 12 20 1 6 4 15 7 19 23 11 2 21 10 14 18 13
3 14 : 1 27 14 17 2 24 30 10 11 18 3 20 8 23 22 5 9 16 21 13
0 12 : 17 4 7 15 24 22 20 29 9 12 26 18 3 28 16 14 23 21 10 25
1 11 : 6 17 23 11 26 25 30 15 4 1 29 16 8 14 12 9 3 7 22 24
2 12 : 27 15 26 17 28 20 21 29 22 1 13 30 16 25 4 2 12 8 23 10
2 11 : 19 24 26 13 20 23 3 25 18 17 6 29 15 22 10 8 12 4 2 1
0 13 : 13 22 6 25 9 17 12 16 18 27 15 23 19 2 21 8 29 3 28 5
1 14 : 19 22 18 27 30 12 29 25 11 1 20 8 16 13 23 7 21 5 6 9
1 12 : 11 25 28 27 9 26 13 3 19 18 20 17 15 5 2 4 22 12 29 8
0 13 : 24 26 5 14 6 28 20 27 22 17 30 7 21 23 12 2 13 9 29 4
1 15 : 11 1 4 16 22 17 27 18 13 5 9 24 15 2 10 12 30 20 19 3
1 12 : 14 7 21 19 5 30 2 23 17 11 4 6 12 3 16 25 10 8 29 1
3 11 : 2 17 12 3 20 23 1 30 29 22 16 27 25 10 15 14 8 5 4 26
1 11 : 21 22 15 29 1 14 10 3 16 24 23 7 18 17 9 6 28 2 11 13
0 12 : 29 21 4 18 6 13 25 11 19 7 14 27 5 20 15 16 8 24 17 12
1 12 : 24 12 29 28 5 4 1 19 2 8 15 17 27 26 6 7 25 20 10 11
0 14 : 24 29 5 9 28 18 1 12 14 16 8 2 21 23 6 15 20 7 27 17
0 15 : 11 30 18 26 3 15 24 10 27 7 9 14 22 16 1 20 8 4 2 12
1 14 : 8 13 30 15 18 25 7 21 24 19 22 29 20 1 5 26 17 16 11 23
2 11 : 22 19 14 23 20 27 13 17 29 28 5 24 16 26 21 10 4 6 1 25
0 15 : 5 12 9 30 29 8 28 23 22 14 1 4 21 24 7 10 16 19 26 2
1 11 : 25 21 9 18 29 17 28 19 14 30 7 11 22 3 6 2 20 8 4 26
0 13 : 25 3 23 27 9 13 1 4 30 5 21 22 2 8 6 29 17 19 11 28
2 11 : 13 23 30 11 14 29 8 22 26 21 7 25 19 24 4 1 9 5 15 17
1 12 : 25 28 4 7 16 11 17 14 24 22 12 10 27 1 23 3 6 20 19 26
0 14 : 19 3 15 7 26 11 18 24 29 28 27 10 2 5 23 17 6 1 21 12
0 15 : 9 2 1 15 30 11 8 26 27 5 22 13 18 12 23 7 14 25 10 17
0 10 : 15 21 18 25 3 11 16 13 17 7 29 14 4 28 5 27 22 23 6 24
1 12 : 15 1 9 10 25 21 30 28 22 13 6 20 23 19 14 12 18 27 7 5
0 15 : 15 18 25 26 27 22 8 21 1 2 30 6 5 17 9 23 11 14 7 20
1 12 : 16 19 11 27 3 8 14 20 18 23 6 21 7 25 9 29 13 26 1 30
0 12 : 3 1 30 4 25 27 18 12 21 22 14 19 28 8 5 13 10 15 7 20
0 11 : 27 2 19 26 12 10 25 3 11 4 29 14 30 7 22 18 28 15 24 13
2 11 : 10 24 7 17 1 26 11 8 13 22 14 9 2 28 20 15 25 29 21 18
