15 28
1 8 : 6 27 20 4 2 28 13 18 12 8 24 14 11 9 5
1 9 : 8 23 18 20 22 10 28 9 27 17 11 2 15 7 5
0 8 : 13 24 7 2 15 5 27 8 23 18 22 26 9 11 17
1 8 : 28 4 20 2 9 26 17 11 23 7 27 5 14 8 18
1 8 : 12 24 27 14 22 3 28 19 25 7 8 11 21 6 10
1 8 : 18 26 3 23 6 15 17 2 19 16 12 25 1 21 11
0 10 : 6 23 15 1 11 18 9 24 8 12 17 28 5 2 20
1 8 : 11 18 12 4 13 27 22 15 28 17 25 1 3 24 21
0 8 : 1 16 10 13 8 9 14 12 22 25 21 3 20 5 26
0 11 : 3 26 20 17 12 5 7 2 21 15 8 11 22 13 28
1 8 : 14 22 8 21 16 5 18 7 23 19 20 27 3 6 25
1 10 : 8 19 21 24 11 22 18 5 23 9 12 20 7 25 2
1 9 : 28 6 14 23 17 2 22 18 10 12 3 27 20 5 24
0 7 : 14 3 16 27 13 24 26 22 20 15 25 19 6 28 18
2 5 : 8 22 14 4 17 13 12 26 2 28 27 10 16 7 5
0 7 : 15 10 13 5 26 9 25 16 1 23 19 3 28 6 11
1 7 : 17 18 21 20 8 19 27 26 28 3 1 9 11 10 16
1 9 : 2 4 26 11 21 25 23 19 6 12 20 10 22 7 28
0 8 : 7 24 13 10 8 23 9 28 4 22 14 5 2 21 6
0 6 : 14 10 7 25 11 9 13 18 8 23 1 15 22 19 24
0 8 : 19 4 20 24 28 27 2 18 11 22 10 17 1 21 13
1 8 : 7 6 10 26 16 23 1 27 22 21 18 12 5 17 3
0 9 : 11 12 17 3 14 13 23 28 25 19 22 24 18 8 20
0 8 : 23 21 14 2 10 26 5 9 8 12 20 16 6 27 25
1 7 : 21 8 3 22 10 14 25 6 18 15 24 23 27 7 12
0 8 : 18 21 19 27 16 23 2 12 28 14 5 17 8 9 1
2 6 : 2 3 4 28 9 25 19 26 5 6 15 8 1 7 14
0 7 : 16 4 15 26 8 28 3 27 5 13 19 20 21 18 2
