16 30
1 9 : 21 2 26 28 29 27 25 12 18 24 17 23 15 11 8 19
1 7 : 28 10 11 3 2 4 1 12 19 30 15 5 14 7 17 27
0 10 : 24 28 17 27 15 16 18 23 19 3 13 30 6 2 8 21
0 7 : 22 26 1 3 23 9 20 29 24 25 21 16 7 17 10 28
0 7 : 21 18 15 28 20 12 14 19 24 7 27 4 11 1 2 8
1 7 : 4 23 22 3 24 7 20 30 16 13 1 8 19 27 9 5
1 8 : 7 17 5 1 28 23 15 16 30 25 24 3 4 14 2 13
0 9 : 5 28 17 19 16 22 13 30 14 3 4 15 25 27 21 20
0 7 : 28 6 19 9 2 15 4 16 5 7 27 23 24 13 11 10
0 7 : 5 1 23 6 24 10 16 26 9 21 12 4 3 29 7 27
0 9 : 5 17 15 24 29 22 27 7 9 26 20 18 13 6 25 19
0 7 : 14 30 21 1 25 15 5 9 12 6 11 17 28 24 13 29
2 6 : 6 7 28 22 3 12 17 25 21 1 10 5 16 30 15 18
1 6 : 21 10 29 6 7 18 30 4 12 9 8 3 11 5 19 25
0 9 : 27 17 9 4 29 6 1 13 26 16 19 20 5 22 7 2
0 7 : 29 16 11 27 10 3 21 4 15 20 25 13 9 8 24 17
2 7 : 30 2 9 5 8 10 6 12 22 18 19 25 26 20 15 1
0 7 : 19 2 1 20 24 8 27 29 28 9 13 11 17 6 26 10
0 9 : 3 26 20 8 11 21 15 28 5 10 9 17 22 23 14 25
3 7 : 17 30 29 22 7 25 13 21 5 8 12 26 2 11 27 18
2 8 : 25 17 12 7 18 14 26 10 13 1 23 5 6 19 4 22
0 9 : 30 20 19 8 23 12 28 14 1 7 3 4 13 25 16 26
1 7 : 8 11 12 27 5 19 21 14 30 20 1 6 16 10 29 13
1 8 : 10 18 19 20 4 14 1 23 29 9 6 22 13 11 26 16
0 10 : 27 20 10 28 16 25 8 5 26 4 15 3 13 22 12 17
0 9 : 7 23 24 26 14 1 16 20 6 18 19 29 13 3 9 25
1 9 : 11 14 29 9 10 23 13 3 12 15 26 18 27 5 25 28
1 10 : 17 5 26 12 29 15 27 13 18 10 11 25 2 19 1 16
0 9 : 17 9 5 21 1 6 16 10 19 12 11 2 20 15 26 3
0 8 : 11 8 17 5 24 22 7 21 4 16 14 28 29 30 3 1
0 8 : 13 23 18 25 26 20 16 10 30 7 12 14 29 11 27 4
0 10 : 17 22 11 25 5 2 7 18 3 1 14 30 12 23 9 16
1 8 : 17 3 22 7 10 12 2 8 28 19 30 20 27 6 23 5
1 7 : 10 28 21 18 23 16 13 25 26 30 14 17 22 24 7 20
1 8 : 13 3 19 8 30 18 25 11 10 5 9 1 16 7 2 26
1 8 : 29 28 7 3 22 17 4 16 1 9 19 13 6 25 8 18
0 8 : 13 25 6 28 24 22 19 30 3 20 8 7 5 18 27 17
0 10 : 28 26 6 12 16 7 29 4 8 18 30 14 13 3 2 25
0 7 : 1 8 16 23 5 6 30 2 4 11 18 10 28 9 27 19
1 10 : 16 26 21 5 4 18 27 8 7 2 15 30 22 3 29 13
0 5 : 1 20 17 24 5 26 21 4 28 10 9 8 30 29 6 27
0 10 : 13 9 18 12 30 29 28 26 22 11 4 3 6 14 17 23
1 8 : 27 12 22 5 3 18 6 20 28 24 17 9 23 15 13 25
0 8 : 16 30 14 28 4 1 26 22 12 11 20 23 7 9 18 2
1 7 : 18 1 6 28 23 22 17 9 11 19 12 24 8 27 26 30
0 11 : 30 8 15 4 18 29 28 3 19 17 22 5 11 26 1 23
0 7 : 20 30 25 9 28 24 15 18 8 22 17 4 29 27 26 11
1 5 : 6 20 10 5 27 29 16 3 9 1 2 28 23 4 21 7
