20 40
1 9 : 6 30 13 33 35 5 39 40 34 20 8 31 27 18 12 19 38 7 3 16
2 12 : 9 14 15 36 18 7 21 1 22 28 37 38 8 11 12 3 40 26 35 39
0 8 : 31 13 20 4 28 5 22 34 37 19 9 17 23 3 2 40 35 1 11 25
1 9 : 26 11 4 23 24 14 17 33 9 20 30 16 19 18 21 10 32 28 15 34
0 9 : 20 3 5 23 28 39 1 37 22 25 21 29 40 4 19 11 10 15 31 34
0 10 : 10 17 38 36 15 22 37 29 32 26 3 21 1 13 16 34 35 7 12 4
1 10 : 14 32 3 40 12 19 30 23 8 18 10 6 7 5 15 26 21 20 1 13
0 9 : 9 7 15 18 27 40 4 31 13 5 25 2 23 37 16 30 33 10 39 29
0 11 : 14 4 12 38 3 17 40 6 35 37 32 11 28 36 8 29 2 24 19 15
1 8 : 34 7 2 15 35 18 14 1 31 12 13 19 3 40 10 24 36 6 23 22
0 11 : 36 2 24 5 40 7 12 33 23 8 37 28 34 11 30 22 4 27 3 1
0 11 : 38 20 1 12 7 19 31 11 21 32 22 14 40 18 10 15 29 5 36 33
1 9 : 22 10 5 33 7 34 14 24 16 37 15 20 39 26 13 3 38 32 29 35
1 9 : 2 15 24 14 6 9 37 31 23 4 8 27 3 5 13 1 16 21 10 18
1 10 : 8 40 39 5 1 12 32 38 19 6 20 35 27 37 18 21 25 24 26 23
1 8 : 8 20 18 2 3 32 37 15 11 34 10 23 24 25 30 6 7 12 33 29
1 8 : 8 12 36 19 27 38 29 6 18 31 4 7 23 37 33 17 9 10 34 39
1 9 : 16 21 14 24 3 36 18 30 20 37 38 31 40 1 6 9 27 11 39 25
1 6 : 13 12 30 3 37 21 2 1 31 4 36 38 16 29 5 9 19 15 40 23
0 10 : 3 21 22 27 8 18 39 36 37 12 14 31 40 13 11 5 26 29 25 30
0 10 : 2 20 14 37 32 29 3 13 16 6 26 33 7 22 4 23 24 8 15 38
0 11 : 14 32 35 30 18 10 16 8 1 5 19 24 2 3 6 22 26 36 38 20
